L3-D4-trace1_1.txt
Matrice d'adjacence:
suc 0  1  2  3  4  5  6  7  
pre________________________
0 | 0  1  0  0  0  0  0  0  
1 | 0  0  1  0  1  1  0  0  
2 | 0  0  0  0  0  0  1  0  
3 | 0  0  1  0  0  0  1  0  
4 | 1  0  0  0  0  0  0  0  
5 | 0  0  0  0  1  0  1  0  
6 | 0  0  0  0  0  0  0  1  
7 | 0  0  0  1  0  0  0  0  

Matrice des valeurs:
suc 0  1  2  3  4  5  6  7  
pre________________________
0 | 0  5  0  0  0  0  0  0  
1 | 0  0  0  0  5  1  0  0  
2 | 0  0  0  0  0  0  1  0  
3 | 0  0  2  0  0  0  0  0  
4 | 3  0  0  0  0  0  0  0  
5 | 0  0  0  0  2  0  0  0  
6 | 0  0  0  0  0  0  0  4  
7 | 0  0  0  1  0  0  0  0  
